function p = setParameters()
    % Parameters of TNBC model (39 parameters)
    % This code is based on code originally written by Jaimit Parikh
    % in 2023 and modified by Mahya Aghaee in 2024
    
    % parameters: 
    p.aB2   = 10000;          % 1
    p.bB2   = 8360;           % 2
    p.aF2   = 1.2;            % 3
    p.bF2   = 2890;           % 4 
    p.g2    = 0.005;          % 5
    p.aC2   = 3;              % 6
    p.bC2   = 267200;         % 7
    p.d2    = 0.116;          % 8
    p.sF    = 0.000998;       % 9
    p.KF    = 65500;          % 10
    p.dF    = .00175;         % 11
    p.pB    = 0.00998;        % 12
    p.KB    = 262000;         % 13
    p.a2B   = 0.318;          % 14
    p.b2B   = 86000;          % 15
    p.aFB   = 1.63;           % 16
    p.bFB   = 2890;           % 17
    p.dB    = 0.0005;         % 18
    p.aCB   = 29;             % 19
    p.bCB   = 267200;         % 20
    p.a2CB   = 0.758;         % 21
    p.b2CB   = 86000;         % 22
    p.aBCB   = 0.821;         % 23
    p.bBCB   = 8360;         %24
    p.aRCB   = 0.545;            %25
    p.bRCB   = 43600;       %26
    p.pC    = 1.13;           %27
    p.KC    = 223000 ; %28
    p.a2C  = 7;              %29
    p.b2C  = 17200000;         %30
    p.aRC  = 0.946;          %31
    p.bRC  = 43600;       %32
    p.dC    = 0.406;          %33
    p.sR    = 583.33;         %34
    p.a2R   = 0.471;           %35
    p.b2R   = 86000;           %36
    p.aBR   = 1.063;         %37
    p.bBR   = 8360;          %38
    p.dR    = 0.0630;          %39

 
end
